pump_id_00_0dB:
  AUC: 0.5977798425350873
  F1: 0.5594405594405595
pump_id_06_0dB:
  AUC: 0.691272587466359
  F1: 0.6372549019607843
