pump_id_00_6dB:
  AUC: 0.8996038926108856
  Config: &id001
    activ: relu
    batch_size: 512
    epochs: 200
    n_cl_a: 64
    n_hl_a: 4
    n_ls_a: 6
    patience: 200
    seed: 229
  Date_Time: 15/05/2023 22:48:59
  F1: 0.8433734939759037
pump_id_02_6dB:
  AUC: 0.571463355247139
  Config: *id001
  Date_Time: 15/05/2023 22:49:43
  F1: 0.5822784810126581
pump_id_04_6dB:
  AUC: 0.999
  Config: *id001
  Date_Time: 15/05/2023 22:50:00
  F1: 0.964102564102564
pump_id_06_6dB:
  AUC: 0.9678008458285275
  Config: *id001
  Date_Time: 15/05/2023 22:55:49
  F1: 0.7738095238095237
