pump_id_00_6dB:
  AUC: 0.5583158100640618
  Config: &id001
    activ: relu
    batch_size: 512
    epochs: 50
    n_cl_a: 64
    n_hl_a: 4
    n_ls_a: 6
    patience: 50
    seed: 229
  Date_Time: 09/05/2023 09:09:35
  F1: 0.5077720207253885
pump_id_02_6dB:
  AUC: 0.4019965911857804
  Config: *id001
  Date_Time: 09/05/2023 09:11:32
  F1: 0.531986531986532
pump_id_04_6dB:
  AUC: 0.7610999999999999
  Config: *id001
  Date_Time: 09/05/2023 09:13:34
  F1: 0.731958762886598
pump_id_06_6dB:
  AUC: 0.8786043829296425
  Config: *id001
  Date_Time: 09/05/2023 09:15:00
  F1: 0.7816091954022987
