pump_id_06_0dB:
  AUC: 0.6203383314109959
  F1: 0.6176470588235294
